1059319096
1059318792
1059318496
1059318192
1059317896
1059317592
1059317296
1059316992
1059316696
1059316392
1059316096
1059315792
1059315496
1059315192
1059314896
1059314592
1059314296
1059313992
1059313696
1059313392
1059313096
1059312792
1059312496
1059312192
1059311896
1059311592
1059311296
1059310992
1059310696
1059310392
1059310096
1059309792
1059309496
1059309192
1059308896
1059308592
1059308296
1059307992
1059307696
1059307392
1059307096
1059306792
1059306496
1059306192
1059305896
1059305592
1059305296
1059304992
1059304872
1059302896
